filters:
  Iir2:
    a1:  1.0
    a2: -0.324919696232906
    b0:  0.337540151883547
    b1:  0.337540151883547

